0,0,0,0,898840,0,
0,0,0,0,903178,0,
0,0,0,0,903087,0,
0,0,0,0,912257,0,
0,0,0,0,939853,0,
0,0,0,0,902598,0,
0,0,0,0,532487,0,
0,0,0,0,3539434,0,
0,0,0,0,3047831,0,
0,0,0,0,525872,0,
0,0,0,0,899173,0,
0,0,0,0,902477,0,
0,0,0,0,902585,0,
0,0,0,0,914043,0,
0,0,0,0,944846,0,
0,0,0,0,899451,0,
0,0,0,0,523108,0,
0,0,0,0,3532134,0,
0,0,0,0,3047194,0,
0,0,0,0,522453,0,
0,0,0,0,904092,0,
0,0,0,0,900883,0,
0,0,0,0,901372,0,
0,0,0,0,913074,0,
0,0,0,0,940696,0,
0,0,0,0,899608,0,
0,0,0,0,520967,0,
0,0,0,0,3534635,0,
0,0,0,0,3050029,0,
0,0,0,0,526554,0,
0,0,0,0,902528,0,
0,0,0,0,902455,0,
0,0,0,0,902023,0,
0,0,0,0,913898,0,
0,0,0,0,944822,0,
0,0,0,0,904979,0,
0,0,0,0,524824,0,
0,0,0,0,3534190,0,
0,0,0,0,3067656,0,
0,0,0,0,526652,0,
0,0,0,0,899961,0,
0,0,0,0,903169,0,
0,0,0,0,901113,0,
0,0,0,0,914553,0,
0,0,0,0,945170,0,
0,0,0,0,900210,0,
0,0,0,0,521215,0,
0,0,0,0,3534001,0,
0,0,0,0,3044090,0,
0,0,0,0,522123,0,
0,0,0,0,904240,0,
0,0,0,0,903000,0,
0,0,0,0,903377,0,
0,0,0,0,913193,0,
0,0,0,0,945522,0,
0,0,0,0,901751,0,
0,0,0,0,523646,0,
0,0,0,0,3535629,0,
0,0,0,0,3045449,0,
0,0,0,0,527414,0,
0,0,0,0,902981,0,
0,0,0,0,902698,0,
0,0,0,0,897733,0,
0,0,0,0,914135,0,
0,0,0,0,941834,0,
0,0,0,0,905158,0,
0,0,0,0,520291,0,
0,0,0,0,3538437,0,
0,0,0,0,3056390,0,
0,0,0,0,526452,0,
0,0,0,0,904408,0,
0,0,0,0,903437,0,
0,0,0,0,901266,0,
0,0,0,0,914880,0,
0,0,0,0,939006,0,
0,0,0,0,902534,0,
0,0,0,0,520530,0,
0,0,0,0,3533006,0,
0,0,0,0,3055333,0,
0,0,0,0,521160,0,
0,0,0,0,902274,0,
0,0,0,0,900407,0,
0,0,0,0,904571,0,
0,0,0,0,913870,0,
0,0,0,0,944867,0,
0,0,0,0,901277,0,
0,0,0,0,521125,0,
0,0,0,0,3535507,0,
0,0,0,0,3050030,0,
0,0,0,0,523291,0,
0,0,0,0,897434,0,
0,0,0,0,901935,0,
0,0,0,0,901194,0,
0,0,0,0,913774,0,
0,0,0,0,943426,0,
0,0,0,0,904596,0,
0,0,0,0,521034,0,
0,0,0,0,3537300,0,
0,0,0,0,3048444,0,
0,0,0,0,527106,0,
0,0,0,0,899777,0,
0,0,0,0,901493,0,
0,0,0,0,899341,0,
0,0,0,0,915459,0,
0,0,0,0,941234,0,
0,0,0,0,904321,0,
0,0,0,0,522313,0,
0,0,0,0,3531914,0,
0,0,0,0,3057107,0,
0,0,0,0,525366,0,
0,0,0,0,904748,0,
0,0,0,0,900406,0,
0,0,0,0,901907,0,
0,0,0,0,913707,0,
0,0,0,0,943631,0,
0,0,0,0,902989,0,
0,0,0,0,521399,0,
0,0,0,0,3537570,0,
0,0,0,0,3066426,0,
0,0,0,0,527464,0,
