0,0,0,0,2757102,0,
0,0,0,0,830688,0,
0,0,0,0,1450113,0,
0,0,0,0,2203549,0,
0,0,0,0,1931866,0,
0,0,0,0,530138,0,
0,0,0,0,742497,0,
0,0,0,0,1296899,0,
0,0,0,0,698861,0,
0,0,0,0,261952,0,
0,0,0,0,698746,0,
0,0,0,0,970364,0,
0,0,0,0,224032,0,
0,0,0,0,224723,0,
0,0,0,0,497831,0,
0,0,0,0,221289,0,
0,0,0,0,128971,0,
0,0,0,0,224937,0,
0,0,0,0,241025,0,
0,0,0,0,68056,0,
0,0,0,0,117880,0,
0,0,0,0,211631,0,
0,0,0,0,117970,0,
0,0,0,0,64543,0,
0,0,0,0,118292,0,
0,0,0,0,215576,0,
0,0,0,0,118404,0,
0,0,0,0,64918,0,
0,0,0,0,117635,0,
0,0,0,0,253154,0,
0,0,0,0,117654,0,
0,0,0,0,64865,0,
0,0,0,0,153246,0,
0,0,0,0,364002,0,
0,0,0,0,226376,0,
0,0,0,0,64777,0,
0,0,0,0,152402,0,
0,0,0,0,364301,0,
0,0,0,0,230563,0,
0,0,0,0,65007,0,
0,0,0,0,152664,0,
0,0,0,0,230194,0,
0,0,0,0,64511,0,
0,0,0,0,97789,0,
0,0,0,0,178171,0,
0,0,0,0,85936,0,
0,0,0,0,24291,0,
0,0,0,0,96721,0,
0,0,0,0,180832,0,
0,0,0,0,86599,0,
0,0,0,0,24094,0,
0,0,0,0,98313,0,
0,0,0,0,181050,0,
0,0,0,0,85061,0,
0,0,0,0,24246,0,
0,0,0,0,97710,0,
0,0,0,0,135098,0,
0,0,0,0,129179,0,
0,0,0,0,134633,0,
0,0,0,0,73236,0,
