0,0,0,0,2757102,0,
0,0,0,0,830688,0,
0,0,0,0,1450113,0,
0,0,0,0,2203549,0,
0,0,0,0,1931866,0,
0,0,0,0,2121891,0,
0,0,0,0,705152,0,
0,0,0,0,1297294,0,
0,0,0,0,701714,0,
0,0,0,0,263218,0,
0,0,0,0,736614,0,
0,0,0,0,747983,0,
0,0,0,0,701301,0,
0,0,0,0,180243,0,
0,0,0,0,324908,0,
0,0,0,0,176483,0,
0,0,0,0,65327,0,
0,0,0,0,172678,0,
0,0,0,0,319620,0,
0,0,0,0,175155,0,
0,0,0,0,65424,0,
0,0,0,0,171963,0,
0,0,0,0,180539,0,
0,0,0,0,223986,0,
0,0,0,0,79201,0,
0,0,0,0,158223,0,
0,0,0,0,76846,0,
0,0,0,0,32643,0,
0,0,0,0,79501,0,
0,0,0,0,159047,0,
0,0,0,0,76364,0,
0,0,0,0,32202,0,
0,0,0,0,79271,0,
0,0,0,0,161885,0,
0,0,0,0,77338,0,
0,0,0,0,31963,0,
0,0,0,0,80335,0,
0,0,0,0,157590,0,
0,0,0,0,93758,0,
0,0,0,0,129751,0,
0,0,0,0,251683,0,
0,0,0,0,160643,0,
0,0,0,0,64216,0,
0,0,0,0,130431,0,
0,0,0,0,248437,0,
0,0,0,0,160754,0,
0,0,0,0,64394,0,
0,0,0,0,129726,0,
0,0,0,0,141630,0,
0,0,0,0,191420,0,
0,0,0,0,77066,0,
0,0,0,0,111347,0,
0,0,0,0,67568,0,
0,0,0,0,23748,0,
0,0,0,0,77294,0,
0,0,0,0,111150,0,
0,0,0,0,67046,0,
0,0,0,0,23824,0,
0,0,0,0,77377,0,
0,0,0,0,111698,0,
0,0,0,0,103973,0,
0,0,0,0,134528,0,
0,0,0,0,73038,0,
