0,0,0,0,3631774,0,
0,0,0,0,359368,0,
0,0,0,0,493108,0,
0,0,0,0,905780,0,
0,0,0,0,903168,0,
0,0,0,0,2116628,0,
0,0,0,0,889750,0,
0,0,0,0,498757,0,
0,0,0,0,905651,0,
0,0,0,0,2103657,0,
0,0,0,0,890053,0,
0,0,0,0,494803,0,
0,0,0,0,908502,0,
0,0,0,0,2118843,0,
0,0,0,0,750431,0,
0,0,0,0,318056,0,
0,0,0,0,458729,0,
0,0,0,0,1928626,0,
0,0,0,0,1076996,0,
0,0,0,0,468106,0,
0,0,0,0,318717,0,
0,0,0,0,460470,0,
0,0,0,0,1058423,0,
0,0,0,0,474481,0,
0,0,0,0,318211,0,
0,0,0,0,458758,0,
0,0,0,0,1067345,0,
0,0,0,0,472745,0,
0,0,0,0,317821,0,
0,0,0,0,459207,0,
0,0,0,0,1054650,0,
0,0,0,0,472700,0,
0,0,0,0,265239,0,
0,0,0,0,309980,0,
0,0,0,0,1814136,0,
0,0,0,0,532680,0,
0,0,0,0,293268,0,
0,0,0,0,266261,0,
0,0,0,0,309907,0,
0,0,0,0,528240,0,
0,0,0,0,299918,0,
0,0,0,0,264674,0,
0,0,0,0,309832,0,
0,0,0,0,527160,0,
0,0,0,0,299077,0,
0,0,0,0,269290,0,
0,0,0,0,309562,0,
0,0,0,0,528117,0,
0,0,0,0,294529,0,
0,0,0,0,264128,0,
0,0,0,0,309553,0,
0,0,0,0,528447,0,
0,0,0,0,295018,0,
0,0,0,0,265252,0,
0,0,0,0,309181,0,
0,0,0,0,528293,0,
0,0,0,0,425073,0,
0,0,0,0,330369,0,
0,0,0,0,370431,0,
0,0,0,0,1191310,0,
0,0,0,0,263295,0,
0,0,0,0,278926,0,
0,0,0,0,325304,0,
0,0,0,0,367139,0,
0,0,0,0,263107,0,
0,0,0,0,282951,0,
0,0,0,0,328846,0,
0,0,0,0,373661,0,
0,0,0,0,263540,0,
0,0,0,0,115087,0,
