0,0,0,0,3631774,0,
0,0,0,0,495323,0,
0,0,0,0,495183,0,
0,0,0,0,527778,0,
0,0,0,0,493637,0,
0,0,0,0,495615,0,
0,0,0,0,526991,0,
0,0,0,0,394590,0,
0,0,0,0,319863,0,
0,0,0,0,251132,0,
0,0,0,0,261295,0,
0,0,0,0,319762,0,
0,0,0,0,320136,0,
0,0,0,0,262795,0,
0,0,0,0,317420,0,
0,0,0,0,267236,0,
0,0,0,0,135073,0,
0,0,0,0,128547,0,
0,0,0,0,263685,0,
0,0,0,0,263183,0,
0,0,0,0,129090,0,
0,0,0,0,329086,0,
0,0,0,0,329289,0,
0,0,0,0,117639,0,
0,0,0,0,64849,0,
0,0,0,0,322432,0,
0,0,0,0,322537,0,
0,0,0,0,64195,0,
0,0,0,0,31122,0,
