0,0,0,0,4399529,0,
0,0,0,0,816489,0,
0,0,0,0,821059,0,
0,0,0,0,819772,0,
0,0,0,0,963106,0,
0,0,0,0,835634,0,
0,0,0,0,823462,0,
0,0,0,0,414862,0,
0,0,0,0,3046439,0,
0,0,0,0,2864347,0,
0,0,0,0,406748,0,
0,0,0,0,820285,0,
0,0,0,0,818157,0,
0,0,0,0,822641,0,
0,0,0,0,962274,0,
0,0,0,0,833780,0,
0,0,0,0,819384,0,
0,0,0,0,405046,0,
0,0,0,0,3054206,0,
0,0,0,0,2849397,0,
0,0,0,0,405221,0,
0,0,0,0,817705,0,
0,0,0,0,825948,0,
0,0,0,0,818997,0,
0,0,0,0,963289,0,
0,0,0,0,834282,0,
0,0,0,0,821501,0,
0,0,0,0,405663,0,
0,0,0,0,3059898,0,
0,0,0,0,2844292,0,
0,0,0,0,406084,0,
0,0,0,0,818469,0,
0,0,0,0,815991,0,
0,0,0,0,822242,0,
0,0,0,0,964464,0,
0,0,0,0,835866,0,
0,0,0,0,818367,0,
0,0,0,0,404158,0,
0,0,0,0,3049692,0,
0,0,0,0,2856931,0,
0,0,0,0,406583,0,
0,0,0,0,817037,0,
0,0,0,0,828488,0,
0,0,0,0,822309,0,
0,0,0,0,966789,0,
0,0,0,0,833809,0,
0,0,0,0,820483,0,
0,0,0,0,404703,0,
0,0,0,0,3054029,0,
0,0,0,0,2838530,0,
0,0,0,0,405267,0,
0,0,0,0,820818,0,
0,0,0,0,822585,0,
0,0,0,0,820168,0,
0,0,0,0,971545,0,
0,0,0,0,837143,0,
0,0,0,0,824698,0,
0,0,0,0,403722,0,
0,0,0,0,3045075,0,
0,0,0,0,2860850,0,
0,0,0,0,406526,0,
0,0,0,0,820611,0,
0,0,0,0,820744,0,
0,0,0,0,824171,0,
0,0,0,0,959612,0,
0,0,0,0,836122,0,
0,0,0,0,818721,0,
0,0,0,0,403444,0,
0,0,0,0,3048669,0,
0,0,0,0,2838276,0,
0,0,0,0,407532,0,
0,0,0,0,819730,0,
0,0,0,0,823067,0,
0,0,0,0,819565,0,
0,0,0,0,961475,0,
0,0,0,0,833005,0,
0,0,0,0,822345,0,
0,0,0,0,404140,0,
0,0,0,0,3055956,0,
0,0,0,0,2844733,0,
0,0,0,0,407306,0,
0,0,0,0,817552,0,
0,0,0,0,817661,0,
0,0,0,0,823598,0,
0,0,0,0,962107,0,
0,0,0,0,834824,0,
0,0,0,0,820403,0,
0,0,0,0,405228,0,
0,0,0,0,3057010,0,
0,0,0,0,2846464,0,
0,0,0,0,406567,0,
0,0,0,0,820667,0,
0,0,0,0,827133,0,
0,0,0,0,819542,0,
0,0,0,0,958495,0,
0,0,0,0,834123,0,
0,0,0,0,821439,0,
0,0,0,0,405901,0,
0,0,0,0,3055541,0,
0,0,0,0,2843409,0,
0,0,0,0,406236,0,
0,0,0,0,822890,0,
0,0,0,0,818397,0,
0,0,0,0,818370,0,
0,0,0,0,959897,0,
0,0,0,0,835278,0,
0,0,0,0,824114,0,
0,0,0,0,403895,0,
0,0,0,0,3051700,0,
0,0,0,0,2869324,0,
0,0,0,0,404939,0,
0,0,0,0,822143,0,
0,0,0,0,819219,0,
0,0,0,0,821591,0,
0,0,0,0,963906,0,
0,0,0,0,834253,0,
0,0,0,0,821517,0,
0,0,0,0,405657,0,
0,0,0,0,3054251,0,
0,0,0,0,2843798,0,
0,0,0,0,405694,0,
0,0,0,0,45331,0,
