0,0,0,0,2201559,0,
0,0,0,0,8719740,0,
0,0,0,0,4329911,0,
0,0,0,0,2155075,0,
0,0,0,0,1084103,0,
0,0,0,0,373950,0,
0,0,0,0,186413,0,
0,0,0,0,939284,0,
0,0,0,0,223519,0,
0,0,0,0,222165,0,
0,0,0,0,224458,0,
0,0,0,0,88139,0,
0,0,0,0,88855,0,
0,0,0,0,222920,0,
0,0,0,0,126692,0,
0,0,0,0,876465,0,
0,0,0,0,754214,0,
0,0,0,0,125186,0,
0,0,0,0,223827,0,
0,0,0,0,222024,0,
0,0,0,0,224423,0,
0,0,0,0,89059,0,
0,0,0,0,89317,0,
0,0,0,0,223222,0,
0,0,0,0,126206,0,
0,0,0,0,877165,0,
0,0,0,0,753609,0,
0,0,0,0,126765,0,
0,0,0,0,222727,0,
0,0,0,0,224213,0,
0,0,0,0,223079,0,
0,0,0,0,88364,0,
0,0,0,0,90070,0,
0,0,0,0,225147,0,
0,0,0,0,126173,0,
0,0,0,0,876946,0,
0,0,0,0,753503,0,
0,0,0,0,126346,0,
0,0,0,0,225216,0,
0,0,0,0,222548,0,
0,0,0,0,224774,0,
0,0,0,0,89429,0,
0,0,0,0,89567,0,
0,0,0,0,221896,0,
0,0,0,0,125947,0,
0,0,0,0,878594,0,
0,0,0,0,753082,0,
0,0,0,0,126347,0,
0,0,0,0,222852,0,
0,0,0,0,224239,0,
0,0,0,0,222974,0,
0,0,0,0,88837,0,
0,0,0,0,89124,0,
0,0,0,0,223661,0,
0,0,0,0,126372,0,
0,0,0,0,877247,0,
0,0,0,0,753102,0,
0,0,0,0,126749,0,
0,0,0,0,223061,0,
0,0,0,0,224020,0,
0,0,0,0,221193,0,
0,0,0,0,88897,0,
0,0,0,0,89310,0,
0,0,0,0,224923,0,
0,0,0,0,126557,0,
0,0,0,0,878497,0,
0,0,0,0,752601,0,
0,0,0,0,126312,0,
0,0,0,0,224868,0,
0,0,0,0,224384,0,
0,0,0,0,223070,0,
0,0,0,0,88371,0,
0,0,0,0,89433,0,
0,0,0,0,223393,0,
0,0,0,0,125307,0,
0,0,0,0,877746,0,
0,0,0,0,753311,0,
0,0,0,0,126494,0,
0,0,0,0,224178,0,
0,0,0,0,223839,0,
0,0,0,0,222062,0,
0,0,0,0,88978,0,
0,0,0,0,89216,0,
0,0,0,0,221991,0,
0,0,0,0,127244,0,
0,0,0,0,877209,0,
0,0,0,0,754628,0,
0,0,0,0,126908,0,
0,0,0,0,224789,0,
0,0,0,0,222684,0,
0,0,0,0,225145,0,
0,0,0,0,88889,0,
0,0,0,0,88339,0,
0,0,0,0,224059,0,
0,0,0,0,126819,0,
0,0,0,0,876621,0,
0,0,0,0,755305,0,
0,0,0,0,126155,0,
0,0,0,0,222338,0,
0,0,0,0,224362,0,
0,0,0,0,222608,0,
0,0,0,0,88785,0,
0,0,0,0,88916,0,
0,0,0,0,224727,0,
0,0,0,0,126329,0,
0,0,0,0,876376,0,
0,0,0,0,755963,0,
0,0,0,0,126007,0,
0,0,0,0,224056,0,
0,0,0,0,222746,0,
0,0,0,0,223365,0,
0,0,0,0,88840,0,
0,0,0,0,89136,0,
0,0,0,0,223675,0,
0,0,0,0,126473,0,
0,0,0,0,876903,0,
0,0,0,0,752952,0,
0,0,0,0,126136,0,
0,0,0,0,224031,0,
0,0,0,0,222046,0,
0,0,0,0,224455,0,
0,0,0,0,88254,0,
0,0,0,0,89229,0,
0,0,0,0,223296,0,
0,0,0,0,126765,0,
0,0,0,0,878081,0,
0,0,0,0,753085,0,
0,0,0,0,126212,0,
